L:	100.50
m:	100
N:	28 
kappa:	0.100000
sigma:	0.001429
kappa_sigma_r:	70.000070
Delta:	0.5000
Extension Minimum:	0  
Extension Maximum:	40 
e0:	0.047619
Beta:	38.681700
etab_b:	3.50