L:	100.25
m:	200
N:	28 
kappa:	0.100000
sigma:	0.003846
kappa_sigma_r:	26.000026
Delta:	0.2500
Extension Minimum:	0  
Extension Maximum:	40 
e0:	0.128205
Beta:	38.681700
etab_b:	4.75