L:	100.25
m:	200
N:	50 
kappa:	0.100000
sigma:	0.001538
kappa_sigma_r:	65.000065
Delta:	0.2500
Extension Minimum:	0  
Extension Maximum:	60 
e0:	0.051282
Beta:	38.681700
etab_b:	3.75