L:	60.20
m:	150
N:	11 
kappa:	0.100000
sigma:	0.000666
kappa_sigma_r:	150.150150
Delta:	0.2000
Extension Minimum:	0  
Extension Maximum:	70 
e0:	0.022200
Beta:	38.681700
