L:	80.100000
m:	400
kappa:	1.200000
sigma:	0.000240
kappa_sigma_r:	5000.000000
Delta:	0.100000
Extension Minimum:	0
Extension Maximum:	150
beta:	4.00 
mu:	0.05 
c:	0.31 
delta:	4.66 
b:	0.55 
k:	0.15 
ev0:	1.64 
C0:	0.28 
e0:	0.004500
beta:	38.681700