L:	100.25
m:	200
N:	32 
kappa:	0.100000
sigma:	0.002174
kappa_sigma_r:	46.000064
Delta:	0.2500
Extension Minimum:	0  
Extension Maximum:	60 
e0:	0.072464
Beta:	38.681700
etab_b:	4.25