L:	80.100000
m:	400
kappa:	0.120000
sigma:	0.000240
kappa_sigma_r:	500.000000
Delta:	0.100000
Extension Minimum:	0
Extension Maximum:	150
beta:	4.00 
mu:	0.46 
c:	0.99 
delta:	6.45 
b:	1.00 
k:	0.48 
ev0:	1.40 
C0:	0.37 
e0:	0.004500
beta:	38.681700