L:	80.100000
m:	400
kappa:	6.000000
sigma:	0.000267
kappa_sigma_r:	22497.187852
Delta:	0.100000
Extension Minimum:	0
Extension Maximum:	150
beta:	4.00 
mu:	0.01 
c:	0.14 
delta:	4.30 
b:	0.38 
k:	0.07 
ev0:	1.71 
C0:	0.23 
e0:	0.005001
beta:	38.681700